0 0
1 1.07718e-08
2 2.59003e-08
3 5.11854e-08
4 9.56814e-08
5 1.74307e-07
6 3.11812e-07
7 5.48871e-07
8 9.51346e-07
9 1.62414e-06
10 2.73157e-06
11 4.52657e-06
12 7.39195e-06
13 1.18971e-05
14 1.88746e-05
15 2.95199e-05
16 4.5521e-05
17 6.92172e-05
18 0.000103794
19 0.000153507
20 0.000223938
21 0.000322263
22 0.000457529
23 0.000640897
24 0.000885838
25 0.00120824
26 0.00162635
27 0.00216057
28 0.002833
29 0.0036667
30 0.00468469
31 0.00590864
32 0.0073573
33 0.00904472
34 0.0109784
35 0.0131573
36 0.0155703
37 0.0181947
38 0.0209956
39 0.0239254
40 0.0269246
41 0.0299234
42 0.0328438
43 0.035603
44 0.0381168
45 0.0403042
46 0.0420915
47 0.0434161
48 0.0442307
49 0.0445056
50 0.0442307
51 0.0434161
52 0.0420915
53 0.0403042
54 0.0381168
55 0.035603
56 0.0328438
57 0.0299234
58 0.0269246
59 0.0239254
60 0.0209956
61 0.0181947
62 0.0155703
63 0.0131573
64 0.0109784
65 0.00904472
66 0.0073573
67 0.00590864
68 0.00468469
69 0.0036667
70 0.002833
71 0.00216057
72 0.00162635
73 0.00120824
74 0.000885838
75 0.000640897
76 0.000457529
77 0.000322263
78 0.000223938
79 0.000153507
80 0.000103794
81 6.92172e-05
82 4.5521e-05
83 2.95199e-05
84 1.88746e-05
85 1.18971e-05
86 7.39195e-06
87 4.52657e-06
88 2.73157e-06
89 1.62415e-06
90 9.51363e-07
91 5.48908e-07
92 3.11891e-07
93 1.74476e-07
94 9.60345e-08
95 5.19097e-08
96 2.73601e-08
97 1.3663e-08
98 5.62837e-09
99 0
